41
96
78
66
89
31
6
66
56
50
91
23
70
95
81
3
18
78
93
25
98
41
93
86
5
40
33
36
2
14
31
4
27
47
88
38
14
68
24
22
83
49
26
49
9
19
22
63
48
80
53
29
26
25
34
12
37
49
66
78
4
6
46
35
45
6
64
80
24
54
82
76
60
87
92
65
69
15
88
92
36
46
4
36
21
20
68
82
37
55
48
55
78
37
78
92
15
5
68
38
6
14
91
99
19
50
68
71
64
6
17
35
91
91
14
89
53
55
3
5
78
63
29
58
93
15
18
61
29
71
52
21
52
47
12
62
38
5
90
69
86
44
50
66
23
65
95
37
46
85
96
11
88
99
43
17
20
81
3
11
2
7
76
84
39
44
34
17
31
15
98
78
44
41
70
14
78
20
5
27
83
8
24
74
44
66
87
63
14
90
20
79
19
19
7
30
27
52
59
43
11
3
75
89
15
44
20
1
9
94
4
54
39
17
73
1
50
2
10
47
69
8
58
45
61
74
34
20
80
64
97
85
97
9
91
58
81
65
16
59
68
6
33
15
56
65
3
79
16
34
87
58
30
87
89
40
20
71
40
99
37
4
45
42
81
34
27
29
11
17
52
67
99
41
17
80
61
17
1
66
74
90
56
8
85
21
58
43
46
14
6
16
94
61
78
85
53
63
97
38
48
76
11
56
42
37
2
86
27
69
39
33
8
45
68
18
82
7
72
8
45
95
58
85
33
79
17
98
84
9
83
93
38
82
27
9
33
23
39
85
78
78
57
37
75
42
32
73
60
74
9
55
64
86
52
45
91
30
21
24
79
38
22
46
71
3
64
21
83
91
58
21
38
92
89
61
39
96
9
90
71
63
42
53
25
75
62
39
90
75
93
50
83
80
11
87
92
36
85
77
99
63
82
11
88
59
16
61
82
36
61
41
80
55
96
51
91
4
95
35
26
30
89
64
65
33
47
18
62
59
20
24
75
72
99
34
55
21
8
95
62
94
33
73
90
9
82
45
15
31
83
65
42
6
52
90
31
48
18
64
11
43
32
22
6
48
79
75
12
86
67
67
57
96
30
35
81
70
52
8
91
98
65
96
46
4
17
53
17
18
54
38
94
97
91
51
20
60
24
37
28
76
